x <- 10
y <- 55
z <- 99
