x <- 10
y <- 55
